E42 (2024-2026 L5P) — ECM 16856 Main Injector Pulsewidth
Verified from screenshot

Pressure axis (MPa): 24 columns
12.5, 20.0, 25.0, 30.0, 40.0, 50.0, 60.0, 70.0, 80.0, 90.0, 100.0, 110.0, 120.0, 130.0, 140.0, 150.0, 160.0, 170.0, 180.0, 200.0, 220.0, 235.0, 279.0, 280.0

Quantity axis (mm³): 26 rows
0.0, 0.2, 1.0, 1.5, 2.0, 2.5, 3.0, 3.5, 4.0, 4.5, 5.0, 6.0, 7.0, 8.0, 10.0, 12.5, 15.0, 20.0, 30.0, 40.0, 60.0, 80.0, 100.0, 120.0, 140.0, 160.0

Row-by-row verified:
0.0:    0,    0,    0,    0,    0,    0,    0,    0,    0,    0,    0,    0,    0,    0,    0,    0,    0,    0,    0,    0,    0,    0,    0,    0
0.2:  273,  247,  230,  213,  206,  190,  183,  181,  178,  172,  168,  163,  162,  161,  160,  156,  153,  151,  149,  147,  145,  144,  141,    0
1.0:  509,  377,  337,  309,  270,  252,  234,  224,  219,  215,  210,  206,  200,  199,  197,  193,  191,  189,  186,  181,  176,  170,  153,    0
1.5:  599,  440,  378,  352,  309,  282,  268,  257,  247,  234,  225,  220,  211,  210,  208,  206,  199,  198,  196,  194,  189,  180,  164,    0
2.0:  675,  501,  428,  384,  342,  312,  289,  279,  269,  259,  249,  241,  232,  226,  219,  212,  207,  205,  200,  196,  192,  187,  171,    0
2.5:  758,  540,  479,  426,  369,  336,  312,  297,  288,  278,  269,  260,  253,  246,  237,  229,  224,  211,  211,  205,  199,  193,  177,    0
3.0:  825,  575,  510,  462,  398,  360,  334,  318,  306,  294,  282,  277,  268,  261,  254,  246,  241,  247,  242,  215,  203,  199,  193,    0
3.5:  882,  627,  548,  493,  428,  384,  355,  339,  320,  309,  297,  290,  279,  273,  265,  268,  266,  259,  251,  242,  232,  218,  195,    0
4.0:  938,  672,  581,  520,  457,  408,  378,  353,  337,  323,  312,  302,  293,  284,  268,  266,  259,  251,  242,  232,  218,  195,    0,    0
4.5:  988,  699,  616,  550,  476,  428,  396,  372,  353,  336,  326,  313,  305,  296,  286,  279,  274,  267,  260,  259,  250,  210,    0,    0
5.0: 1049,  736,  646,  579,  495,  447,  412,  389,  369,  349,  336,  326,  313,  305,  299,  283,  275,  268,  259,  250,  210,    0,    0,    0
6.0: 1137,  806,  696,  633,  535,  482,  444,  413,  399,  375,  360,  344,  324,  314,  304,  299,  289,  281,  272,  263,  253,  226,    0,    0
7.0: 1213,  865,  747,  673,  580,  511,  474,  443,  423,  402,  381,  368,  353,  342,  332,  321,  312,  303,  293,  281,  272,  264,  240,    0
8.0: 1299,  929,  807,  718,  616,  546,  498,  466,  445,  424,  402,  388,  372,  358,  348,  337,  347,  307,  293,  281,    0,    0,    0,    0
10.0: 1464, 1040,  895,  808,  676,  612,  557,  513,  487,  457,  438,  422,  405,  391,  379,  367,  356,  437,  337,  319,  302,  294,  274,    0
12.5: 1660, 1173, 1012,  907,  765,  614,  571,  538,  504,  477,  458,  437,  425,  412,  402,  393,  386,  368,  349,  334,  293,    0,    0,    0
15.0: 1843, 1312, 1122, 1000,  846,  748,  668,  619,  584,  551,  520,  496,  472,  454,  438,  427,  418,  405,  395,  376,  358,  349,    0,    0
20.0: 2260, 1556, 1334, 1190,  996,  876,  788,  721,  674,  630,  596,  571,  549,  523,  507,  487,  470,  453,  438,  419,  401,  389,    0,    0
30.0: 3031, 2059, 1763, 1567, 1300, 1125, 1006,  917,  857,  804,  756,  713,  684,  650,  628,  601,  576,  559,  543,  515,  491,  475,  426,    0
40.0: 3814, 2583, 2186, 1933, 1604, 1375, 1217, 1108, 1022,  959,  904,  853,  816,  782,  751,  719,  695,  671,  650,  615,  583,  558,  483,    0
60.0: 4000, 3688, 3027, 2664, 2222, 1856, 1635, 1484, 1362, 1269, 1187, 1122, 1070, 1020,  981,  946,  910,  882,  854,  805,  758,  730,  638,    0
80.0: 4000, 4000, 3875, 3392, 2843, 2355, 2061, 1866, 1694, 1569, 1458, 1408, 1338, 1267, 1208, 1163, 1126, 1087, 1054,  980,  933,  898,  789,    0
100.0: 4000, 4000, 3875, 3470, 3470, 2858, 2491, 2251, 2031, 1875, 1734, 1683, 1609, 1511, 1425, 1383, 1329, 1275, 1246, 1164, 1100, 1057,  930,    0
120.0: 4000, 4000, 3875, 3470, 3470, 3368, 2920, 2636, 2369, 2181, 2012, 1965, 1886, 1770, 1651, 1592, 1524, 1451, 1443, 1352, 1275, 1225, 1092,    0
140.0: 4000, 4000, 3875, 3470, 3470, 3368, 3356, 3024, 2707, 2486, 2290, 2248, 2164, 2034, 1879, 1808, 1719, 1638, 1625, 1534, 1450, 1393, 1231,    0
160.0: 4000, 4000, 3875, 3470, 3470, 3368, 3356, 3044, 2792, 2569, 2531, 2444, 2308, 2108, 2024, 1905, 1828, 1820, 1722, 1633, 1564, 1350,    0,    0

Notes:
- Row 8.0 has anomalous 347 at 160 MPa col (should be ~327?) and zeros from 200 MPa onward
- Row 10.0 has 437 at 170 MPa col (likely data artifact or intentional)
- Row 12.5 has 614 at 50 MPa (seems low compared to neighbors, but that's what the image shows)
- Several rows have trailing zeros at high pressure columns
- Max duration: 4000 µs (capped)
