L5P (2017-2023) Duramax 6.6L — Stock Injection Duration Table
=============================================================
Source: Two screenshots from EFI Live calibration software
Table ID: {F210001} Injection Time Table
Description: "This table defines the Injection Pulse width (injector opening time) when F210000 Injection Time Tables Select is set to No."
Units: Duration in µs, Pressure in kPa, Quantity in mm3/stroke

Pressure axis (kPa): 21 columns
12000, 18000, 25000, 30000, 40000, 50000, 60000, 70000, 80000, 90000, 100000, 110000, 120000, 130000, 150000, 160000, 170000, 180000, 190000, 200000, 249000

Quantity axis (mm3/stroke): 20 rows
0.0, 0.5, 1.0, 1.5, 2.0, 2.5, 3.0, 4.0, 5.0, 6.0, 8.0, 12.0, 15.0, 20.0, 35.0, 55.0, 75.0, 95.0, 125.0, 150.0

Full duration table (from Image 1 = left side 12000-249000, Image 2 = right side 25000-249000):
Row-by-row (each row = one quantity, columns = pressures left to right):

0.0:    0,    0,    0,    0,    0,    0,    0,    0,    0,    0,    0,    0,    0,    0,    0,    0,    0,    0,    0,    0,    0
0.5:  434,  338,  295,  269,  229,  216,  202,  196,  191,  188,  185,  184,  183,  181,  175,  172,  171,  167,  164,  163,    0
1.0:  554,  421,  355,  322,  286,  261,  236,  218,  211,  207,  204,  201,  199,  196,  188,  185,  183,  182,  178,  173,    0
1.5:  652,  506,  397,  361,  323,  298,  275,  260,  242,  234,  222,  217,  211,  206,  199,  196,  192,  190,  187,  184,    0
2.0:  739,  553,  450,  406,  353,  321,  298,  278,  265,  260,  250,  242,  234,  223,  213,  209,  201,  198,  193,  190,    0
2.5:  800,  612,  499,  462,  385,  347,  323,  303,  282,  273,  267,  261,  255,  247,  229,  224,  217,  213,  208,  204,    0
3.0:  878,  667,  548,  489,  420,  367,  343,  322,  305,  293,  280,  273,  267,  261,  248,  240,  232,  227,  221,  216,    0
4.0:  996,  746,  623,  545,  474,  424,  383,  353,  336,  322,  311,  301,  293,  280,  268,  263,  257,  252,  247,  243,    0
5.0: 1113,  835,  680,  613,  518,  467,  426,  395,  368,  348,  335,  323,  314,  305,  290,  279,  273,  267,  261,  256,    0
6.0: 1207,  907,  743,  663,  562,  499,  459,  427,  401,  378,  360,  344,  333,  324,  304,  297,  291,  285,  277,  270,    0
8.0: 1384, 1045,  853,  773,  651,  578,  518,  477,  451,  429,  410,  393,  378,  361,  336,  328,  318,  310,  302,  295,    0
12.0: 1730, 1305, 1063,  948,  796,  699,  628,  578,  541,  506,  477,  456,  438,  423,  400,  389,  380,  369,  360,  350,    0
15.0: 1978, 1486, 1213, 1077,  896,  788,  711,  643,  597,  568,  541,  515,  488,  465,  431,  419,  409,  398,  389,  378,    0
20.0: 2360, 1785, 1453, 1280, 1061,  924,  828,  755,  700,  655,  615,  582,  560,  541,  502,  485,  471,  452,  435,  421,    0
35.0: 3628, 2722, 2199, 1922, 1553, 1333, 1194, 1080,  982,  916,  863,  817,  780,  745,  684,  662,  641,  621,  604,  586,    0
55.0: 5621, 4180, 3212, 2824, 2242, 1912, 1696, 1525, 1394, 1290, 1203, 1128, 1069, 1022,  930,  895,  865,  836,  812,  788,    0
75.0: 7810, 5836, 4388, 3739, 3031, 2529, 2215, 1980, 1801, 1660, 1542, 1445, 1366, 1296, 1183, 1134, 1093, 1055, 1017,  984,    0
95.0: 9999, 7554, 5565, 4670, 3831, 3167, 2748, 2443, 2211, 2032, 1886, 1760, 1662, 1576, 1434, 1377, 1322, 1274, 1230, 1191,    0
125.0: 13282, 10131, 7240, 6016, 4996, 4110, 3542, 3139, 2829, 2596, 2397, 2247, 2114, 1999, 1819, 1743, 1666, 1608, 1553, 1498,    0
150.0: 16018, 12279, 8636, 7138, 5966, 4905, 4208, 3718, 3345, 3072, 2822, 2659, 2500, 2356, 2137, 2100, 2142, 2073, 2006, 1928,    0

NOTE: Last column (249000 kPa) appears to be all zeros in the visible data.
The Image 1 (left side) shows columns starting from 12000 kPa.
The Image 2 (right side) shows overlapping columns from 25000 kPa onward, plus a partial last column with small values.

Looking more carefully at Image 2 rightmost column (249000 kPa), the values appear to be:
0, 1, 1, 1, 1, 1, 1, 2, 2, 2, 2, 3, 3, 3, 5, 7, 8, 10, 13, 17

Max duration: 16018 µs (at 12000 kPa, 150 mm3/stroke)
